463,428
462,428
460,428
459,428
455,428
453,428
452,428
450,428
447,428
446,428
445,428
444,428
443,428
442,428
440,428
439,428
438,428
438,429
437,429
436,429
436,430
435,430
435,430
433,430
433,431
432,432
431,432
430,434
430,435
429,435
429,435
428,436
428,437
427,438
426,438
425,440
425,442
424,442
424,443
424,444
423,444
423,445
423,446
423,447
423,449
423,450
422,450
422,451
422,452
422,453
422,453
421,455
421,456
421,457
421,458
421,459
421,460
421,461
421,462
421,465
421,467
421,468
421,470
421,473
421,474
421,476
421,476
421,478
421,479
421,480
421,481
422,482
422,483
423,484
423,485
423,485
423,487
424,489
424,489
425,490
426,491
426,491
427,492
428,492
428,493
429,494
429,494
429,494
430,494
431,496
431,496
435,497
436,497
437,497
439,497
439,497
442,497
442,497
443,497
444,497
445,497
445,497
446,497
447,497
447,495
450,495
451,495
452,495
452,494
453,494
454,493
454,493
455,493
457,493
457,493
457,493
458,493
458,492
459,492
460,491
460,490
461,490
462,490
462,490
485,429
485,430
485,431
484,433
484,436
483,437
483,439
482,440
482,440
482,441
482,442
482,443
482,444
482,445
482,446
482,447
482,449
482,449
481,452
481,453
480,455
480,457
479,460
479,462
477,464
477,466
477,467
477,470
477,471
477,471
477,472
477,473
477,473
477,474
477,475
478,475
478,475
479,475
481,475
481,474
483,474
485,474
486,474
488,474
488,474
490,473
492,473
492,473
493,473
495,472
495,472
496,472
497,471
497,471
499,471
500,471
500,471
500,471
501,471
501,470
502,470
503,470
503,470
503,468
503,468
503,467
503,466
503,465
503,465
503,465
503,464
503,463
502,463
502,462
501,460
501,460
501,459
501,459
501,458
501,458
501,457
501,456
501,455
501,455
501,456
501,457
501,457
501,458
501,459
501,461
501,462
501,462
501,463
501,464
501,465
501,465
501,466
501,467
501,467
501,469
501,470
502,470
502,470
502,471
502,472
502,472
502,473
502,473
503,473
503,474
503,475
504,475
504,476
504,477
504,478
505,478
505,478
505,479
506,479
506,480
506,480
507,480
507,481
507,482
507,483
507,484
507,485
507,486
507,486
507,487
507,488
507,488
507,489
507,490
507,491
507,492
507,493
507,493
507,494
507,495
507,496
507,496
507,497
507,498
507,499
507,500
507,501
507,501
507,502
507,502
527,429
526,431
526,432
526,434
526,437
526,437
526,438
526,440
526,440
526,441
526,442
526,443
526,445
526,448
526,449
526,453
526,455
526,457
526,461
526,463
526,464
526,467
526,468
526,470
526,471
526,471
526,472
526,474
526,475
526,478
526,481
526,482
526,486
526,487
526,489
527,491
527,492
527,495
527,497
527,498
527,499
527,500
527,501
527,503
527,503
527,504
527,505
527,506
527,506
530,430
531,430
531,429
532,429
533,429
533,429
534,429
535,429
536,429
537,429
538,429
538,429
540,429
541,429
542,429
543,429
544,429
545,429
546,429
547,429
547,429
548,430
549,430
549,431
550,431
552,431
552,431
552,431
553,431
553,432
554,432
554,433
554,433
554,434
555,435
556,436
557,438
557,439
557,439
559,440
559,441
559,442
559,442
559,443
559,445
559,445
559,446
559,447
559,448
559,449
558,450
558,450
558,452
558,453
557,453
557,453
556,453
556,454
556,455
555,455
554,455
553,456
551,456
550,457
550,457
549,458
548,458
547,459
547,459
546,459
545,459
544,459
543,459
542,459
542,459
541,459
540,459
539,459
539,459
538,459
537,459
536,460
535,460
534,460
534,460
533,460
532,460
531,460
531,460
530,460
529,460
529,460
528,460
527,460
526,460
571,432
573,432
574,432
575,432
578,432
578,432
580,432
581,432
582,432
583,432
583,432
586,432
587,432
587,432
588,432
589,432
589,432
590,432
592,432
593,432
594,432
595,432
595,432
596,432
597,432
598,432
598,432
599,432
600,432
601,432
602,432
603,432
604,432
605,432
606,432
606,432
608,432
608,432
609,432
610,432
611,432
611,432
612,432
613,432
613,432
615,432
616,432
616,432
617,432
618,432
619,432
593,436
593,440
592,444
592,446
592,449
592,453
592,453
592,454
592,455
592,456
592,456
592,457
592,458
591,459
591,460
591,461
591,461
591,462
591,463
590,464
590,464
590,466
589,466
589,467
589,468
588,469
588,469
588,471
588,472
588,473
588,475
586,476
586,477
586,478
585,479
585,482
585,484
585,484
585,485
585,487
585,487
584,489
584,490
584,490
584,492
584,493
583,493
583,494
583,495
583,497
583,499
583,499
582,500
582,501
582,502
582,502
582,503
582,504
582,505
582,506
634,435
634,437
633,440
632,443
631,444
630,446
630,447
630,447
629,448
629,449
629,450
629,451
629,452
629,453
629,454
627,456
627,458
627,459
626,460
626,460
626,461
626,462
626,462
626,465
626,468
626,469
628,471
628,473
629,475
629,477
629,478
629,478
629,479
630,480
630,480
631,481
631,484
632,484
632,486
632,487
633,488
634,488
635,489
635,490
635,491
635,491
635,492
635,492
636,492
636,493
637,493
637,494
637,495
638,495
639,496
640,496
640,498
641,498
642,498
642,499
643,499
643,500
644,500
645,501
646,501
646,501
647,501
648,501
649,501
650,501
651,501
651,500
652,500
653,499
653,499
654,499
656,497
656,497
656,496
657,496
658,495
659,494
659,493
659,493
659,492
660,490
660,488
661,486
661,485
661,483
662,480
662,479
662,476
662,474
662,472
662,470
662,469
662,466
662,464
662,463
662,462
662,461
662,461
662,460
662,459
662,458
662,458
662,456
661,454
661,454
661,452
661,452
661,451
661,450
661,449
661,448
661,447
661,446
661,446
661,445
661,444
661,441
661,440
661,440
661,438
661,437
662,437
662,437
662,436
662,435
662,435
662,434
662,433
662,432
685,436
685,439
685,441
685,444
685,445
685,446
685,447
685,449
685,449
685,451
685,451
685,452
685,453
685,454
685,454
685,456
685,457
685,459
685,460
685,460
685,462
685,463
685,463
685,465
685,466
685,468
684,469
684,469
684,471
684,472
684,474
684,476
684,476
684,477
684,479
684,479
684,482
684,482
684,483
684,484
684,485
684,485
684,487
684,487
684,489
684,490
684,491
684,492
684,493
684,494
684,495
684,497
684,498
684,499
684,499
684,500
684,501
684,502
684,502
684,504
684,504
684,505
684,505
687,434
690,433
690,433
692,432
693,432
694,431
696,431
697,431
697,430
699,430
701,430
702,430
703,430
704,430
706,430
708,430
709,430
710,430
711,430
711,430
712,430
713,430
713,430
713,431
714,431
715,431
715,431
716,431
716,432
717,432
717,433
718,433
718,434
718,434
719,435
719,436
719,436
720,437
720,438
721,439
721,439
721,442
721,442
721,443
721,444
721,445
721,445
721,446
721,447
721,448
721,449
721,450
721,450
720,452
719,453
719,453
718,454
718,455
717,456
716,456
715,457
714,458
713,458
711,459
710,460
710,460
707,461
706,462
706,462
705,462
704,462
703,462
702,462
700,464
700,464
699,464
698,464
698,465
697,465
696,465
695,465
695,465
695,465
693,465
692,465
692,465
691,465
690,465
690,465
689,465
688,465
688,465
688,466
689,466
689,466
689,467
691,468
693,468
695,470
697,472
699,474
700,475
701,475
701,476
703,477
704,477
704,478
705,478
706,479
706,480
707,481
708,482
709,483
710,484
710,485
711,486
712,486
713,489
713,490
714,490
715,491
715,492
715,492
715,492
716,492
716,493
718,493
718,494
718,495
719,496
719,497
720,497
742,433
744,433
746,433
749,433
750,433
752,433
755,433
755,433
758,432
759,432
759,432
761,432
761,432
762,432
763,432
764,432
765,432
766,432
767,432
767,432
768,432
769,432
769,432
770,433
772,434
772,435
772,435
771,436
771,438
770,439
769,441
769,443
768,444
767,445
766,446
766,447
766,447
765,449
763,449
763,450
763,450
763,451
762,452
761,452
760,453
760,455
759,456
758,457
757,458
757,458
756,459
756,460
755,461
755,461
754,461
754,462
754,462
754,464
753,464
753,464
752,464
752,465
752,465
752,466
751,466
751,466
751,466
751,466
753,466
754,467
758,467
760,468
763,468
766,469
769,469
771,470
772,470
773,470
776,472
776,472
777,472
777,472
778,472
778,472
779,473
780,473
781,473
781,474
783,474
784,474
784,475
785,476
786,477
786,477
786,479
787,479
787,480
787,481
788,482
788,483
788,484
788,485
788,486
788,488
788,489
788,489
788,490
787,492
787,493
787,495
786,498
784,499
783,500
781,502
779,504
777,506
775,508
775,509
774,509
771,510
771,511
770,511
770,513
769,513
769,513
769,513
768,513
766,513
764,514
763,514
761,514
761,515
759,515
758,515
757,515
755,516
755,516
754,516
753,516
752,516
752,516
752,516
751,516
749,516
749,515
749,515
748,515
748,515
747,515
747,515
747,514
746,514
746,512
745,512
745,512
744,512
744,511
813,507
816,507
818,507
820,507
822,508
823,508
824,508
824,508
825,508
826,508
827,508
828,508
829,508
829,508
830,508
831,508
831,508
832,508
833,508
834,508
835,508
836,508
837,508
837,508
838,508
839,508
839,508
840,508
841,508
842,508
843,508
844,508
844,508
845,508
846,509
847,509
847,509
848,509
849,509
850,509
851,509
852,509
852,509
853,509
854,509
854,509
855,509
857,509
857,509
858,509
871,429
873,429
875,429
879,429
881,429
881,429
883,429
884,428
885,428
887,428
888,428
889,427
891,427
891,427
894,427
895,427
897,427
899,427
899,427
902,427
903,427
904,427
905,427
905,427
906,427
907,427
908,427
909,427
910,427
911,427
911,427
912,427
913,427
913,427
914,427
915,427
890,428
890,429
890,431
889,433
889,435
889,437
889,438
889,440
889,444
889,445
889,447
889,449
889,449
889,452
889,452
889,453
889,454
889,455
889,455
889,456
889,457
889,459
889,461
889,462
890,464
890,468
890,469
890,470
890,472
890,472
890,473
890,474
890,476
890,478
891,480
891,482
891,486
891,487
891,490
891,492
892,494
892,495
892,496
892,497
892,497
892,498
892,499
892,499
893,501
893,502
893,502
893,504
893,505
894,507
894,510
894,511
894,512
894,513
894,514
894,515
894,517
894,517
894,518
927,427
927,430
927,436
927,439
927,443
927,446
927,448
927,449
927,452
927,453
927,454
927,455
927,457
927,457
927,461
927,462
927,464
927,468
927,469
927,471
927,472
927,473
927,475
927,476
927,478
927,478
927,479
927,480
927,481
927,484
927,486
927,487
927,489
927,489
927,490
927,492
927,492
927,493
927,494
927,495
927,495
927,496
927,497
927,499
927,500
927,501
927,501
927,502
927,503
927,503
927,504
927,504
927,505
927,506
927,507
927,508
928,508
929,464
929,464
931,464
932,464
934,464
936,463
937,463
937,463
938,463
939,463
939,463
940,463
942,463
942,463
943,463
944,463
944,463
945,463
946,463
947,463
947,462
947,462
949,462
949,461
950,461
951,461
952,461
952,461
953,461
954,461
954,461
955,461
957,461
957,461
958,461
959,461
959,460
959,460
959,459
959,458
959,457
959,455
959,454
959,453
959,452
959,451
959,449
959,448
959,448
959,446
959,445
959,444
959,443
960,442
960,441
960,440
960,440
960,439
960,438
960,437
960,437
960,435
960,434
960,432
960,431
960,431
960,430
960,429
960,429
960,430
960,430
960,431
960,432
960,432
960,434
960,435
960,436
960,437
960,438
961,439
961,440
961,441
962,442
962,443
962,443
962,444
962,445
964,446
964,446
964,447
964,448
964,449
965,450
965,452
965,452
965,453
965,454
965,455
965,457
965,458
965,458
965,459
965,460
965,461
965,462
965,463
965,464
965,466
965,467
965,468
965,470
965,471
965,472
965,472
965,474
965,475
965,475
965,476
965,478
965,478
965,479
965,481
965,481
965,483
965,485
965,487
965,489
965,490
965,491
963,494
963,495
963,496
963,497
962,498
962,499
962,500
962,501
962,502
962,502
962,503
962,504
962,505
962,505
962,506
962,507
962,507
962,509
962,510
962,508
962,505
962,502
962,500
962,498
962,497
962,496
962,495
962,495
962,494
962,493
962,493
962,492
962,490
962,490
962,489
962,488
962,487
962,486
962,484
962,483
962,481
962,481
962,480
962,479
962,478
962,478
962,477
962,476
962,476
962,474
962,473
962,472
962,469
962,468
962,466
962,465
962,465
962,464
962,463
962,462
962,461
962,460
962,459
962,459
962,458
962,457
961,457
961,457
961,456
961,455
961,454
961,453
960,452
960,451
960,450
960,449
960,448
960,448
960,446
960,446
960,445
959,445
959,444
959,443
959,443
985,432
986,432
987,432
988,432
990,432
991,432
993,432
994,432
995,432
996,432
997,432
998,432
1001,432
1001,432
1003,432
1004,432
1005,432
1006,432
1007,432
1008,432
1009,432
1010,432
1010,432
1011,432
1012,432
1012,433
1013,433
1015,433
1015,433
1016,433
1017,433
1017,434
1017,434
1017,435
1017,435
1017,437
1017,438
1017,440
1016,442
1015,444
1013,444
1013,447
1012,448
1011,449
1010,449
1010,450
1009,451
1009,451
1008,451
1008,452
1008,452
1008,453
1005,454
1004,455
1004,456
1003,457
1002,457
1002,457
1002,457
1001,457
1001,458
1000,459
999,459
999,459
998,459
998,460
997,460
997,462
996,462
996,462
997,462
998,462
1000,462
1002,462
1003,463
1005,463
1008,464
1009,464
1011,465
1013,465
1013,465
1014,466
1016,466
1016,466
1017,467
1018,467
1018,467
1018,467
1019,467
1020,467
1020,468
1020,468
1021,469
1021,470
1023,470
1023,471
1024,472
1024,472
1024,473
1024,474
1025,475
1025,476
1025,478
1025,478
1025,480
1025,480
1025,481
1025,482
1025,483
1025,483
1025,484
1025,486
1024,487
1024,488
1022,489
1022,489
1022,490
1022,491
1021,491
1020,493
1020,494
1019,494
1019,494
1019,495
1018,496
1017,497
1017,497
1015,497
1014,498
1014,499
1014,499
1014,500
1013,500
1012,501
1011,501
1011,502
1010,502
1009,502
1008,503
1006,504
1005,505
1004,505
1003,505
1002,505
1002,505
1000,506
999,506
999,506
998,506
997,506
997,506
996,506
995,506
994,506
994,506
992,506
992,506
992,506
992,506
991,506
990,505
989,505
989,504
989,504
989,504
988,504
1042,503
1044,503
1046,504
1047,504
1050,504
1051,504
1051,504
1052,504
1053,504
1054,504
1054,504
1055,504
1057,504
1058,504
1060,505
1060,505
1061,505
1062,505
1063,505
1064,505
1065,505
1065,505
1066,505
1068,505
1068,505
1070,505
1071,505
1072,505
1073,505
1074,505
1075,505
1076,505
1076,505
1077,505
1078,505
1079,505
1080,505
1081,505
1082,506
1082,506
1083,506
1084,506
1084,506
1085,506
1087,506
1087,506
1088,506
1089,506
1089,506
1090,506
1091,506
1092,506
1092,506
1094,506
1095,506
1111,436
1111,439
1111,443
1111,445
1111,448
1111,452
1111,454
1111,456
1111,459
1111,462
1110,464
1110,467
1110,469
1109,471
1109,473
1109,474
1109,476
1109,478
1109,478
1109,479
1109,480
1109,481
1109,483
1108,485
1108,487
1108,490
1108,491
1108,495
1107,497
1107,498
1107,500
1107,501
1107,501
1107,503
1107,504
1107,504
1107,505
1107,507
1107,508
1107,510
1107,512
1107,514
1107,515
1107,516
1107,517
1107,518
1107,519
1107,520
1111,432
1113,434
1114,436
1115,438
1116,441
1116,441
1117,442
1119,443
1119,444
1119,445
1120,445
1120,446
1121,446
1121,447
1121,448
1121,449
1122,449
1123,450
1123,451
1124,451
1124,452
1124,452
1124,452
1124,453
1126,454
1127,455
1127,456
1128,457
1129,458
1130,459
1130,461
1130,462
1130,463
1131,464
1131,464
1132,465
1132,466
1133,467
1133,467
1133,468
1134,468
1134,468
1134,468
1135,468
1135,467
1135,466
1136,464
1137,461
1137,459
1138,458
1139,456
1140,453
1140,453
1142,452
1142,451
1142,450
1142,450
1142,449
1142,448
1142,447
1142,447
1143,445
1143,444
1143,444
1143,443
1143,442
1144,442
1144,442
1145,441
1145,439
1145,438
1145,437
1146,436
1147,435
1147,434
1148,434
1148,433
1148,433
1149,433
1149,432
1149,431
1149,431
1149,432
1149,432
1149,433
1149,434
1149,434
1149,435
1150,437
1150,438
1150,439
1150,441
1150,441
1151,442
1151,443
1151,443
1151,444
1151,446
1151,446
1151,447
1151,448
1151,448
1151,449
1151,451
1151,451
1151,454
1151,454
1151,456
1151,458
1151,458
1151,459
1151,460
1151,461
1151,462
1151,463
1151,464
1151,465
1151,466
1151,469
1151,472
1151,473
1151,475
1151,477
1151,479
1151,481
1151,482
1151,483
1151,485
1151,486
1151,487
1151,488
1151,488
1151,490
1151,491
1150,491
1150,494
1150,494
1150,496
1150,498
1150,498
1150,500
1150,502
1150,503
1150,504
1150,505
1150,505
1150,506
1150,507
1150,507
1150,509
1150,510
1150,511
1150,512
1150,513
1150,515
1150,517
1151,517
1151,518
1151,519
1151,519
1151,520
1151,521
1151,522
1151,522
1178,433
1177,435
1177,437
1176,438
1176,441
1176,443
1175,443
1175,444
1174,446
1174,446
1173,446
1173,447
1173,449
1173,449
1173,450
1173,451
1173,451
1173,452
1173,453
1173,454
1173,454
1173,456
1173,457
1173,457
1173,458
1173,459
1173,459
1173,460
1173,462
1173,463
1173,465
1173,465
1173,467
1173,469
1173,469
1173,472
1173,472
1173,474
1173,476
1173,476
1173,478
1173,480
1173,481
1173,483
1173,483
1173,485
1173,488
1173,488
1173,490
1173,491
1173,491
1173,492
1173,493
1173,495
1173,497
1173,497
1173,499
1173,500
1173,501
1173,503
1173,504
1173,506
1173,507
1173,508
1173,509
1174,511
1174,512
1174,514
1175,514
1175,515
1175,516
1175,516
1175,518
1176,519
1176,519
1176,520
1177,521
1177,522
1178,522
1178,523
1179,524
1180,525
1180,526
1181,527
1182,527
1182,527
1183,528
1183,529
1186,530
1186,530
1187,530
1188,530
1189,530
1189,531
1190,531
1191,531
1192,531
1193,531
1194,531
1194,531
1195,531
1196,531
1197,531
1198,531
1200,530
1200,530
1201,530
1202,529
1202,528
1203,528
1204,527
1204,526
1206,524
1206,523
1207,522
1208,521
1208,520
1208,519
1208,518
1209,518
1209,517
1209,516
1209,515
1209,514
1209,513
1209,513
1209,511
1209,509
1209,509
1210,507
1210,506
1210,506
1210,505
1210,504
1210,504
1210,502
1210,501
1210,500
1210,498
1210,498
1210,494
1210,493
1210,491
1210,489
1210,488
1209,485
1209,483
1209,483
1209,482
1209,481
1209,481
1209,480
1209,478
1209,477
1209,476
1209,474
1208,473
1208,472
1208,470
1206,469
1206,468
1206,467
1206,467
1206,466
1205,465
1205,464
1205,464
1204,462
1204,461
1204,461
1204,460
1204,459
1204,459
1203,459
1203,458
1203,457
1202,457
1202,455
1201,453
1201,453
1201,452
1200,452
1200,451
1200,450
1199,450
1199,450
1198,450
1198,449
1197,447
1196,447
1196,446
1195,445
1195,445
1194,445
1194,444
1193,444
1193,443
1191,442
1191,442
1190,441
1189,439
1188,439
1188,438
1186,437
1185,437
1184,436
1183,436
1183,435
1182,435
1182,435
1182,434
1181,434
1180,434
1179,434
1179,434
1179,434
1178,434
1177,434
1177,434
1176,434
1175,434
1227,438
1227,441
1227,444
1227,448
1227,449
1227,451
1228,451
1228,452
1228,454
1228,454
1228,455
1228,456
1229,457
1229,457
1229,458
1229,459
1230,461
1230,462
1230,463
1230,464
1230,465
1231,465
1231,465
1231,466
1232,467
1232,469
1232,470
1233,472
1233,474
1233,476
1233,479
1235,480
1235,483
1235,485
1235,486
1236,488
1236,489
1236,489
1236,490
1236,491
1236,492
1236,494
1236,496
1236,497
1236,499
1236,500
1237,503
1237,505
1237,507
1237,508
1237,510
1238,512
1238,513
1238,514
1238,514
1238,515
1238,516
1239,516
1239,518
1239,519
1240,520
1240,521
1241,522
1241,523
1241,524
1241,525
1243,526
1243,527
1244,528
1245,528
1245,528
1246,529
1247,529
1247,529
1248,529
1249,529
1250,529
1250,529
1251,529
1252,529
1252,529
1252,529
1253,529
1253,528
1254,528
1254,527
1255,527
1255,527
1255,525
1256,523
1258,522
1259,522
1259,521
1259,520
1259,520
1260,520
1260,519
1260,517
1261,517
1261,516
1262,514
1262,514
1262,512
1262,511
1262,509
1262,508
1262,508
1262,506
1262,505
1262,504
1262,502
1262,502
1262,501
1262,500
1262,499
1262,497
1262,494
1262,493
1262,491
1262,488
1262,486
1262,484
1262,483
1262,481
1262,480
1262,478
1262,477
1262,476
1262,475
1262,474
1262,473
1262,472
1262,471
1262,470
1262,469
1262,468
1262,468
1262,467
1262,466
1262,466
1262,464
1262,462
1262,461
1262,459
1262,458
1262,457
1262,454
1262,454
1262,453
1262,452
1262,452
1262,451
1262,450
1262,449
1262,449
1262,447
1262,446
1262,445
1262,444
1262,443
1262,443
1262,442
1262,441
1262,441
1262,440
1262,440
1262,439
1262,438
1262,438
1262,437
1262,436
1262,436
1262,435
1306,437
1304,437
1303,437
1301,437
1298,437
1297,437
1296,437
1294,437
1293,437
1291,437
1291,437
1290,437
1288,437
1287,437
1285,437
1283,437
1282,437
1281,437
1280,437
1280,437
1279,437
1278,437
1278,437
1275,437
1275,438
1274,438
1273,438
1272,438
1272,438
1272,438
1272,438
1273,438
1274,438
1274,439
1274,439
1275,439
1276,440
1277,440
1277,441
1278,441
1279,441
1279,442
1279,444
1279,444
1280,444
1281,446
1281,447
1282,447
1282,449
1282,450
1282,450
1282,452
1282,453
1284,453
1284,453
1284,454
1284,455
1284,455
1284,455
1284,456
1284,457
1284,459
1284,461
1284,462
1284,463
1284,464
1284,465
1284,465
1284,467
1284,467
1284,468
1284,470
1284,470
1284,471
1284,472
1284,473
1284,473
1284,475
1284,475
1284,475
1284,475
1284,474
1285,474
1285,474
1286,474
1286,473
1287,473
1287,473
1287,472
1288,472
1289,472
1289,471
1289,471
1291,471
1291,471
1292,471
1292,470
1293,470
1294,470
1294,469
1294,469
1295,469
1296,469
1297,469
1298,469
1299,469
1300,469
1300,469
1301,469
1302,469
1302,469
1303,469
1303,469
1304,469
1304,469
1304,469
1305,469
1306,469
1306,470
1307,470
1307,470
1307,470
1308,470
1308,471
1309,471
1309,472
1309,472
1309,473
1311,473
1311,475
1312,476
1312,476
1312,476
1312,477
1312,478
1313,478
1313,479
1313,480
1314,481
1314,482
1314,483
1314,484
1314,484
1314,485
1314,486
1314,486
1314,487
1314,488
1314,489
1314,490
1314,491
1314,491
1314,493
1314,494
1314,494
1314,495
1314,497
1314,497
1314,498
1314,499
1314,499
1313,500
1313,502
1313,502
1313,504
1313,506
1312,506
1312,508
1310,509
1310,509
1309,510
1309,512
1309,512
1309,513
1309,514
1308,514
1308,515
1308,516
1307,517
1307,517
1307,517
1307,519
1306,519
1306,520
1305,521
1304,522
1304,522
1304,522
1304,523
1303,523
1303,524
1302,524
1302,524
1302,524
1301,524
1300,524
1300,524
1299,524
1297,524
1297,524
1297,524
1296,524
1296,523
1295,523
1295,523
1294,523
1294,522
1294,522
1294,521
1293,521
1293,520
1292,520
1292,520
1290,518
1290,517
1289,517
1289,517
1289,517
1289,516
1288,516
1288,515
1287,515
1287,515
1286,515
1286,514
1286,514
1286,513
1285,513
1285,512
1284,512
1284,511
1338,441
1340,441
1342,441
1344,441
1347,441
1349,440
1350,440
1353,440
1355,440
1356,440
1357,440
1359,440
1361,440
1362,440
1363,440
1363,440
1364,440
1365,440
1366,440
1366,440
1367,440
1368,440
1369,440
1369,440
1369,440
1369,441
1369,442
1369,442
1369,444
1369,445
1369,446
1369,448
1369,449
1369,451
1369,453
1369,454
1367,457
1367,458
1367,459
1367,460
1366,461
1366,461
1365,462
1365,464
1365,464
1365,464
1365,465
1364,466
1363,467
1362,468
1362,470
1360,471
1359,472
1358,473
1358,474
1358,474
1358,474
1357,474
1357,475
1356,475
1356,476
1355,476
1355,476
1355,476
1355,477
1354,477
1354,479
1352,479
1352,479
1352,479
1351,479
1351,480
1350,480
1350,480
1351,480
1351,480
1353,480
1354,480
1355,480
1356,480
1357,480
1358,480
1359,480
1360,480
1362,480
1363,480
1363,480
1364,480
1365,481
1365,481
1366,481
1368,481
1368,481
1369,482
1370,482
1370,483
1371,483
1371,483
1372,484
1373,484
1373,484
1375,486
1376,487
1376,487
1377,488
1377,489
1378,489
1378,489
1379,489
1379,490
1379,491
1379,492
1380,494
1380,496
1380,496
1380,497
1380,499
1380,499
1380,500
1380,502
1380,503
1380,504
1380,505
1380,505
1380,506
1380,507
1380,507
1380,508
1380,511
1380,511
1379,512
1379,513
1379,513
1378,514
1378,515
1377,515
1377,516
1377,517
1377,518
1376,518
1374,519
1374,520
1374,521
1373,521
1372,522
1372,523
1371,524
1370,525
1369,526
1369,526
1369,527
1367,527
1367,527
1366,527
1366,527
1366,528
1364,528
1364,529
1363,529
1362,529
1361,529
1360,529
1359,529
1358,529
1358,529
1357,529
1356,529
1355,529
1354,529
1352,529
1350,529
1349,529
1349,529
1348,529
1347,529
1347,529
1345,529
1344,529
1344,528
1344,528
1343,527
1342,527
1342,527
1341,527
1341,526
1341,526
1341,525
1340,525
1340,524
1339,524
1339,523
